 74 46    3.8750   1.0E+13    (3d9 6f1 - 3d10)  this one is delta n = 3
 2.000e+02 5.000e+02 1.000e+03 2.000e+03 5.000e+03 1.000e+04 2.000e+04
 6.070e-18 5.740e-14 1.020e-12 3.740e-12 7.020e-12 8.030e-12 7.990e-12
 74 46    3.9000   1.0E+13    (3p5 3d10 5d1 - 3p6 3d10)  this one is delta n = 2
 2.000e+02 5.000e+02 1.000e+03 2.000e+03 5.000e+03 1.000e+04 2.000e+04
 1.090e-18 9.730e-15 1.730e-13 6.540e-13 1.370e-12 1.750e-12 1.950e-12
 74 46    3.9010   1.0E+13    (3p6 3d9 6p1 - 3p6 3d10)  this one is delta n = 3
 2.000e+02 5.000e+02 1.000e+03 2.000e+03 5.000e+03 1.000e+04 2.000e+04
 6.570e-19 5.840e-15 1.030e-13 3.910e-13 8.150e-13 1.040e-12 1.160e-12

 74 45    3.9400   1.0E+13    (3p5 3d10 4s1 5d1 - 3p6 3d10 4s1)
 2.000e+02 5.000e+02 1.000e+03 2.000e+03 5.000e+03 1.000e+04 2.000e+04
 7.570e-19 6.160e-15 1.060e-13 3.980e-13 8.320e-13 1.060e-12 1.180e-12
 74 45    3.9400   1.0E+13    (3p5 3d10 4s1 5d1 - 3p6 3d10 4s1)
 2.000e+02 5.000e+02 1.000e+03 2.000e+03 5.000e+03 1.000e+04 2.000e+04
 7.320e-19 5.960e-15 1.030e-13 3.860e-13 8.030e-13 1.020e-12 1.140e-12
 74 45    3.9370   1.0E+13    (3p5 3d10 4s1 5d1 - 3p6 3d10 4s1)
 2.000e+02 5.000e+02 1.000e+03 2.000e+03 5.000e+03 1.000e+04 2.000e+04
 6.350e-19 5.200e-15 8.990e-14 3.380e-13 7.040e-13 8.940e-13 1.000e-12

 74 44    3.9770   1.0E+13     (3p5 3d10 4s2 5d1 - 3p6 3d10 4s2)
 2.000e+02 5.000e+02 1.000e+03 2.000e+03 5.000e+03 1.000e+04 2.000e+04
 2.660e-18 1.980e-14 3.300e-13 1.210e-12 2.470e-12 3.130e-12 3.480e-12

 74 43    3.8390   1.0E+13    (3p5 3d10 4s2 4p1 5s1 - 3p6 3d10 4s2 4p1)
 2.000e+02 5.000e+02 1.000e+03 2.000e+03 5.000e+03 1.000e+04 2.000e+04
 9.720e-21 1.010e-16 1.860e-15 7.120e-15 1.460e-14 1.820e-14 2.010e-14

 74 47    3.8400   1.0E+13    (3p5 3d9 5d1 - 3p6 3d9)
 2.000e+02 5.000e+02 1.000e+03 2.000e+03 5.000e+03 1.000e+04 2.000e+04
 2.270e-19 2.350e-15 4.390e-14 1.710e-13 3.620e-13 4.610e-13 5.160e-13
 74 47    3.8380   1.0E+13    (3p5 3d9 5d1 - 3p6 3d9)    
 2.000e+02 5.000e+02 1.000e+03 2.000e+03 5.000e+03 1.000e+04 2.000e+04
 2.090e-19 2.180e-15 4.070e-14 1.590e-13 3.360e-13 4.290e-13 4.790e-13
 74 47    3.8090   1.0E+13    (3p5 3d9 5d1 - 3p6 3d9)
 2.000e+02 5.000e+02 1.000e+03 2.000e+03 5.000e+03 1.000e+04 2.000e+04
 1.660e-19 1.870e-15 3.570e-14 1.410e-13 3.010e-13 3.850e-13 4.320e-13
 74 47    3.8280   1.0E+13    (3p5 3d9 5d1 - 3p6 3d9)
 2.000e+02 5.000e+02 1.000e+03 2.000e+03 5.000e+03 1.000e+04 2.000e+04
 1.700e-19 1.820e-15 3.420e-14 1.340e-13 2.840e-13 3.630e-13 4.060e-13
 74 47    3.8090   1.0E+13    (3p5 3d9 5d1 - 3p6 3d9)
 2.000e+02 5.000e+02 1.000e+03 2.000e+03 5.000e+03 1.000e+04 2.000e+04
 1.490e-19 1.680e-15 3.210e-14 1.270e-13 2.710e-13 3.460e-13 3.870e-13
 74 47    3.8230   1.0E+13    (3p5 3d9 5d1 - 3p6 3d9)
 2.000e+02 5.000e+02 1.000e+03 2.000e+03 5.000e+03 1.000e+04 2.000e+04
 6.620e-20 7.210e-16 1.360e-14 5.330e-14 1.130e-13 1.450e-13 1.630e-13
 74 47    3.8390   1.0E+13    (3p5 3d9 5d1 - 3p6 3d9)
 2.000e+02 5.000e+02 1.000e+03 2.000e+03 5.000e+03 1.000e+04 2.000e+04
 6.770e-20 7.080e-16 1.320e-14 5.130e-14 1.090e-13 1.380e-13 1.550e-13
